    1       621.84      22.1436       0.0000    15     0.1000      300.0     0.0000 /
    2       144.85    1060.1552    1060.1537     1     0.0300      300.0     0.0000 /
    3       307.28    1060.1691    1060.1537     1     0.0300      300.0     0.0000 /
    4        42.43      26.1436      22.1436    15     0.1000      300.0     0.0000 /
    5        30.00      28.6437      22.1436    13     0.1000      300.0     0.0000 /
    6        30.00      31.6435      26.1436    13     0.1000      300.0     0.0000 /
    7       282.43    1060.2469    1060.1537     1     0.0300      300.0     0.0000 /
    8       344.56    1060.1537    1056.6530    13     0.1000      300.0     0.0000 /
    9       344.56    1064.1541    1056.6530    13     0.1000      300.0     0.0000 /
   10       784.26      88.1475      26.1436    15     0.1000      300.0     0.0000 /
   11       506.98    1056.6530     966.1511    13     0.1000      300.0     0.0000 /
   12        84.85     984.1509     966.1511    13     0.1000      300.0     0.0000 /
   13        30.00     966.1511     962.1512    13     0.1000      300.0     0.0000 /
   14       174.85     999.1519     962.1512    13     0.1000      300.0     0.0000 /
   15       114.85      95.7416      88.1475    13     0.1000      300.0     0.0000 /
   16        60.00     893.1459     874.1458    13     0.1000      300.0     0.0000 /
   17        72.43     902.1458     874.1458    13     0.1000      300.0     0.0000 /
   18       272.13     109.2731      88.1475    15     0.1000      300.0     0.0000 /
   19       392.13     233.1476     109.2731    13     0.1000      300.0     0.0000 /
   20        42.43     938.1497     928.6496    13     0.1000      300.0     0.0000 /
   21        42.43     934.1498     928.6496    13     0.1000      300.0     0.0000 /
   22       332.13    1013.1467     819.1450    13     0.1000      300.0     0.0000 /
   23       282.43     986.1438     819.1450    13     0.1000      300.0     0.0000 /
   24        72.43     928.6496     914.1498    13     0.1000      300.0     0.0000 /
   25       326.98     962.1512     914.1498    13     0.1000      300.0     0.0000 /
   26       174.85     113.1479     109.2731    15     0.1000      300.0     0.0000 /
   27       344.56     215.1475     113.1479    13     0.1000      300.0     0.0000 /
   28        30.00     132.8980     132.6481     7     0.0500      300.0     0.0000 /
   29        30.00     132.6481     132.1480    15     0.1000      300.0     0.0000 /
   30        84.85     125.1478     113.1479    15     0.1000      300.0     0.0000 /
   31        90.00     132.1480     125.1478    15     0.1000      300.0     0.0000 /
   32       289.71     880.1465     759.1451    13     0.1000      300.0     0.0000 /
   33       429.41     874.1458     759.1451    13     0.1000      300.0     0.0000 /
   34        42.43     133.1483     132.6481    15     0.1000      300.0     0.0000 /
   35       277.28     241.1485     133.1483    13     0.1000      300.0     0.0000 /
   36        42.43     142.8983     133.1483    15     0.1000      300.0     0.0000 /
   37       127.28     155.1489     142.8983    15     0.1000      300.0     0.0000 /
   38        30.00     165.1488     155.1489    13     0.1000      300.0     0.0000 /
   39       174.85     229.1485     125.1478    13     0.1000      300.0     0.0000 /
   40       332.13     914.1498     818.1504    13     0.1000      300.0     0.0000 /
   41       102.43     860.1503     818.1504    13     0.1000      300.0     0.0000 /
   42        30.00     156.1488     155.1489    15     0.1000      300.0     0.0000 /
   43        60.00     172.1490     156.1488    13     0.1000      300.0     0.0000 /
   44        30.00     157.3989     156.1488    15     0.1000      300.0     0.0000 /
   45       332.13     309.1489     113.1479    13     0.1000      300.0     0.0000 /
   46        72.43     164.1491     157.3989    15     0.1000      300.0     0.0000 /
   47       204.85     214.1482     142.8983    13     0.1000      300.0     0.0000 /
   48        30.00     166.1492     164.1491    13     0.1000      300.0     0.0000 /
   49        72.43     164.1491     157.3989    13     0.1000      300.0     0.0000 /
   50       641.54     390.1506     171.9618    13     0.1000      300.0     0.0000 /
   51        84.85     171.2742     164.1491    15     0.1000      300.0     0.0000 /
   52        30.00     171.9618     171.2742    15     0.1000      300.0     0.0000 /
   53        72.43     243.1484     214.1482    13     0.1000      300.0     0.0000 /
   54       132.43     681.1464     609.1461    13     0.1000      300.0     0.0000 /
   55       474.85     819.1450     609.1461    13     0.1000      300.0     0.0000 /
   56       674.56     575.1508     254.1487    13     0.1000      300.0     0.0000 /
   57        72.43     291.1485     254.1487    13     0.1000      300.0     0.0000 /
   58        30.00     172.1460     172.1430     1     0.0300      300.0     0.0000 /
   59       187.28     231.1485     172.1256    13     0.1000      300.0     0.0000 /
   60        60.00     172.1430     172.1256     3     0.0300      300.0     0.0000 /
   61        42.43     172.1022     171.9618     9     0.0500      300.0     0.0000 /
   62        30.00     172.1256     172.1022     3     0.0300      300.0     0.0000 /
   63        42.43     172.0552     171.2742    13     0.1000      300.0     0.0000 /
   64        42.43     172.1489     172.1430     3     0.0300      300.0     0.0000 /
   65       277.28     254.1487     172.1489    13     0.1000      300.0     0.0000 /
   66        72.43     173.1487     172.1022    13     0.1000      300.0     0.0000 /
   67       469.71     759.1451     595.1474    13     0.1000      300.0     0.0000 /
   68       132.43     612.1474     593.0846    13     0.1000      300.0     0.0000 /
   69        60.00     595.1474     593.0846    14     0.1000      300.0     0.0000 /
   70        42.43     592.6468     587.1466    13     0.1000      300.0     0.0000 /
   71       132.43     593.0846     587.1466    14     0.1000      300.0     0.0000 /
   72       102.43     600.1471     585.6466    13     0.1000      300.0     0.0000 /
   73        60.00     587.1466     585.6466    14     0.1000      300.0     0.0000 /
   74        60.00     195.1489     173.1487    13     0.1000      300.0     0.0000 /
   75       809.12     958.1473     573.1453    13     0.1000      300.0     0.0000 /
   76       204.85     609.1461     573.1453    13     0.1000      300.0     0.0000 /
   77       174.85     181.1486     172.1489    15     0.1000      300.0     0.0000 /
   78       254.56     260.1477     172.0552    13     0.1000      300.0     0.0000 /
   79       229.71     684.1484     617.1478    13     0.1000      300.0     0.0000 /
   80        30.00     617.1478     611.1478    14     0.1000      300.0     0.0000 /
   81       289.71     611.1478     595.1474    14     0.1000      300.0     0.0000 /
   82        72.43     194.6489     181.1486    13     0.1000      300.0     0.0000 /
   83        84.85     624.1482     617.1478    14     0.1000      300.0     0.0000 /
   84       102.43     573.1453     562.3874    13     0.1000      300.0     0.0000 /
   85       332.13     585.6466     562.3874    14     0.1000      300.0     0.0000 /
   86       381.84     334.1491     172.0552    13     0.1000      300.0     0.0000 /
   87       501.84     866.1466     633.1484    13     0.1000      300.0     0.0000 /
   88       102.43     633.1484     624.1482    14     0.1000      300.0     0.0000 /
   89        84.85     671.1482     642.1481    13     0.1000      300.0     0.0000 /
   90        72.43     642.1481     633.1484    13     0.1000      300.0     0.0000 /
   91       344.56     645.1434     555.1448    13     0.1000      300.0     0.0000 /
   92       114.85     562.3874     555.1448    14     0.1000      300.0     0.0000 /
   93       187.28     205.3994     181.1486    15     0.1000      300.0     0.0000 /
   94        42.43     555.1448     552.1448    14     0.1000      300.0     0.0000 /
   95        30.00     554.1449     552.1448    13     0.1000      300.0     0.0000 /
   96       496.69     376.1503     172.0552    13     0.1000      300.0     0.0000 /
   97        84.85     654.8981     642.1481    13     0.1000      300.0     0.0000 /
   98       132.43     687.1479     654.8981    13     0.1000      300.0     0.0000 /
   99       204.85     696.1474     611.1478    13     0.1000      300.0     0.0000 /
  100       973.68     654.1450     132.1480    13     0.1000      300.0     0.0000 /
  101        42.43     659.1479     654.8981    13     0.1000      300.0     0.0000 /
  102       384.85     824.1497     684.1479    13     0.1000      300.0     0.0000 /
  103       492.43     859.1465     684.1479    13     0.1000      300.0     0.0000 /
  104       713.97     591.1456     214.1482    13     0.1000      300.0     0.0000 /
  105       114.85     675.1481     659.1479    13     0.1000      300.0     0.0000 /
  106       187.28     721.1476     675.1481    13     0.1000      300.0     0.0000 /
  107        60.00     674.6478     659.1479    13     0.1000      300.0     0.0000 /
  108       114.85     548.6452     536.1458    13     0.1000      300.0     0.0000 /
  109       229.71     552.1448     536.1458    14     0.1000      300.0     0.0000 /
  110        42.43     684.1480     675.1481    13     0.1000      300.0     0.0000 /
  111       294.85     780.1492     684.1480    13     0.1000      300.0     0.0000 /
  112       252.43     718.1493     624.1482    13     0.1000      300.0     0.0000 /
  113       102.43     487.1503     435.1505    13     0.1000      300.0     0.0000 /
  114       761.54     833.1482     435.1505    13     0.1000      300.0     0.0000 /
  115        84.85     849.1492     806.8993    13     0.1000      300.0     0.0000 /
  116        30.00     819.1492     806.8993    13     0.1000      300.0     0.0000 /
  117       289.71     213.6183     205.3994    15     0.1000      300.0     0.0000 /
  118        42.43     806.8993     786.1494    13     0.1000      300.0     0.0000 /
  119        30.00     786.1494     777.1494    13     0.1000      300.0     0.0000 /
  120       337.28     777.1494     684.1480    13     0.1000      300.0     0.0000 /
  121       157.28     703.1485     675.1481    13     0.1000      300.0     0.0000 /
  122       653.97     534.1478     214.0558    13     0.1000      300.0     0.0000 /
  123       526.69     473.1506     214.0558    13     0.1000      300.0     0.0000 /
  124        72.43     214.0558     213.6183     9     0.0500      300.0     0.0000 /
  125        72.43     824.1493     786.1494    13     0.1000      300.0     0.0000 /
  126        42.43     713.1484     703.1485    13     0.1000      300.0     0.0000 /
  127        42.43     216.6497     214.0558    13     0.1000      300.0     0.0000 /
  128       169.71     275.1490     216.6497    13     0.1000      300.0     0.0000 /
  129       162.43     248.1502     213.6183    13     0.1000      300.0     0.0000 /
  130        42.43     217.6497     216.6497    13     0.1000      300.0     0.0000 /
  131        72.43     217.1499     214.0558    15     0.1000      300.0     0.0000 /
  132        90.00     736.1488     703.1485    13     0.1000      300.0     0.0000 /
  133       199.71     770.1457     695.1462    13     0.1000      300.0     0.0000 /
  134       132.43     749.1458     695.1462    13     0.1000      300.0     0.0000 /
  135       289.71     331.1509     248.1502    13     0.1000      300.0     0.0000 /
  136       614.56     716.1415     497.1436    13     0.1000      300.0     0.0000 /
  137       471.84     536.1458     497.1436    14     0.1000      300.0     0.0000 /
  138       144.85     231.1499     217.1499    15     0.1000      300.0     0.0000 /
  139        42.43     351.1507     331.1509    13     0.1000      300.0     0.0000 /
  140       187.28     258.1490     217.1499    13     0.1000      300.0     0.0000 /
  141       441.84     435.1505     235.4310    13     0.1000      300.0     0.0000 /
  142        84.85     233.2746     231.1499    15     0.1000      300.0     0.0000 /
  143        60.00     235.4310     233.2746    15     0.1000      300.0     0.0000 /
  144        30.00     238.1495     237.6494    13     0.1000      300.0     0.0000 /
  145        72.43     237.6494     235.4310    15     0.1000      300.0     0.0000 /
  146       319.71     829.1472     713.1484    13     0.1000      300.0     0.0000 /
  147        42.43     238.6494     237.6494    15     0.1000      300.0     0.0000 /
  148       162.43     279.1488     238.6494    13     0.1000      300.0     0.0000 /
  149      1468.23     873.1439     173.1487    13     0.1000      300.0     0.0000 /
  150       416.98     403.1518     248.1502    13     0.1000      300.0     0.0000 /
  151       234.85    1032.1471     939.1477    13     0.1000      300.0     0.0000 /
  152       514.26     939.1477     777.1494    13     0.1000      300.0     0.0000 /
  153        60.00     239.1492     238.6494     9     0.0500      300.0     0.0000 /
  154        42.43     610.1478     588.1479    13     0.1000      300.0     0.0000 /
  155       270.00     748.1472     588.1479    13     0.1000      300.0     0.0000 /
  156        42.43     244.3367     239.1492    15     0.1000      300.0     0.0000 /
  157       471.84     449.1472     244.3367    13     0.1000      300.0     0.0000 /
  158        84.85     955.1475     939.1477    13     0.1000      300.0     0.0000 /
  159       701.54     944.1455     713.1484    13     0.1000      300.0     0.0000 /
  160        42.43     244.4928     244.3367     9     0.0500      300.0     0.0000 /
  161        30.00     249.1490     245.1491    13     0.1000      300.0     0.0000 /
  162       581.54     572.1509     245.1491    13     0.1000      300.0     0.0000 /
  163        60.00     245.1491     244.8209     7     0.0500      300.0     0.0000 /
  164        72.43     244.8209     244.4928     9     0.0500      300.0     0.0000 /
  165      1400.95     852.1501     205.3994    13     0.1000      300.0     0.0000 /
  166       264.85     296.9002     233.2746    14     0.1000      300.0     0.0000 /
  167       616.69     637.1527     331.1509    13     0.1000      300.0     0.0000 /
  168       312.43     502.1466     401.1454    13     0.1000      300.0     0.0000 /
  169       416.98     497.1436     401.1454    14     0.1000      300.0     0.0000 /
  170       776.98     684.1479     402.6463    13     0.1000      300.0     0.0000 /
  171      1359.41     818.1504     402.6463    13     0.1000      300.0     0.0000 /
  172        42.43     662.1529     637.1527    13     0.1000      300.0     0.0000 /
  173       529.71     777.1504     534.1479    13     0.1000      300.0     0.0000 /
  174       150.00     588.1479     534.1479    13     0.1000      300.0     0.0000 /
  175       144.85     245.0469     244.8209     3     0.0300      300.0     0.0000 /
  176       496.69     442.1490     231.1499    13     0.1000      300.0     0.0000 /
  177       157.28     733.1528     637.1527    13     0.1000      300.0     0.0000 /
  178        72.43     246.6497     245.0469    13     0.1000      300.0     0.0000 /
  179       332.13     315.6492     239.1492    13     0.1000      300.0     0.0000 /
  180       132.43     861.1529     774.1527    13     0.1000      300.0     0.0000 /
  181        72.43     774.1527     733.1528    13     0.1000      300.0     0.0000 /
  182       120.00     401.1454     398.5210    14     0.1000      300.0     0.0000 /
  183       127.28     248.1499     245.0469    15     0.1000      300.0     0.0000 /
  184       888.82     694.1522     248.1499    13     0.1000      300.0     0.0000 /
  185        42.43     804.1528     774.1527    13     0.1000      300.0     0.0000 /
  186       222.43     416.1447     393.1458    13     0.1000      300.0     0.0000 /
  187       132.43     398.5210     393.1458    14     0.1000      300.0     0.0000 /
  188       489.41     545.1467     368.1462    13     0.1000      300.0     0.0000 /
  189      1296.40     839.1528     368.1462    13     0.1000      300.0     0.0000 /
  190       242.13     402.6463     378.1474    13     0.1000      300.0     0.0000 /
  191       402.43     393.1458     378.1474    14     0.1000      300.0     0.0000 /
  192        84.85     251.6501     248.1499    15     0.1000      300.0     0.0000 /
  193        84.85     283.1503     252.1188    13     0.1000      300.0     0.0000 /
  194        72.43     252.0876     251.6501     9     0.0500      300.0     0.0000 /
  195        30.00     252.1188     252.0876     3     0.0300      300.0     0.0000 /
  196        42.43     252.0252     251.6501     7     0.0500      300.0     0.0000 /
  197       319.71     415.5197     398.5210    14     0.1000      300.0     0.0000 /
  198       284.56     468.1460     415.5197    13     0.1000      300.0     0.0000 /
  199        42.43     252.1502     252.1188     3     0.0300      300.0     0.0000 /
  200       356.98     459.1498     296.9002    14     0.1000      300.0     0.0000 /
  201       314.56     932.1519     733.1528    13     0.1000      300.0     0.0000 /
  202        42.43     416.1447     415.5197    14     0.1000      300.0     0.0000 /
  203        30.00     422.1447     416.1447    13     0.1000      300.0     0.0000 /
  204       174.85     368.1462     356.1461    13     0.1000      300.0     0.0000 /
  205       397.28     378.1474     356.1461    14     0.1000      300.0     0.0000 /
  206       951.84     758.1484     324.1485    13     0.1000      300.0     0.0000 /
  207       953.97     773.1439     324.1485    13     0.1000      300.0     0.0000 /
  208        30.00     253.1501     252.1502    13     0.1000      300.0     0.0000 /
  209       162.43     290.1502     248.1499    13     0.1000      300.0     0.0000 /
  210       501.84     541.1496     296.9002    13     0.1000      300.0     0.0000 /
  211        84.85     424.1446     416.1447    14     0.1000      300.0     0.0000 /
  212       157.28     439.1443     424.1446    13     0.1000      300.0     0.0000 /
  213       114.85     356.1461     351.1465    14     0.1000      300.0     0.0000 /
  214       831.84     744.1453     345.1460    13     0.1000      300.0     0.0000 /
  215       951.84     695.1462     345.1460    13     0.1000      300.0     0.0000 /
  216       127.28     255.1502     252.1502    15     0.1000      300.0     0.0000 /
  217       169.71     281.1497     252.0876    13     0.1000      300.0     0.0000 /
  218      1125.81     726.1499     217.1499    13     0.1000      300.0     0.0000 /
  219       199.71     456.1443     432.6450    13     0.1000      300.0     0.0000 /
  220       102.43     432.6450     424.1446    14     0.1000      300.0     0.0000 /
  221       132.43     345.1460     335.1465    13     0.1000      300.0     0.0000 /
  222       127.28     282.1507     253.1501    13     0.1000      300.0     0.0000 /
  223       162.43     465.1451     438.1450    13     0.1000      300.0     0.0000 /
  224       157.28     458.1455     435.1450    13     0.1000      300.0     0.0000 /
  225        60.00     438.1450     435.1450    14     0.1000      300.0     0.0000 /
  226        42.43     433.1452     432.6450    14     0.1000      300.0     0.0000 /
  227        60.00     435.1450     433.1452    14     0.1000      300.0     0.0000 /
  228       434.56     525.1467     331.6466    13     0.1000      300.0     0.0000 /
  229       102.43     335.1465     331.6466    14     0.1000      300.0     0.0000 /
  230       169.71     274.1495     253.1501    13     0.1000      300.0     0.0000 /
  231       127.28     351.1465     348.1465    14     0.1000      300.0     0.0000 /
  232       294.85     348.1465     335.1465    14     0.1000      300.0     0.0000 /
  233       102.43     275.1499     255.1502    13     0.1000      300.0     0.0000 /
  234        60.00     455.1454     433.1452    13     0.1000      300.0     0.0000 /
  235       210.00     324.1485     270.0861    13     0.1000      300.0     0.0000 /
  236       349.71     270.0861     255.1502    15     0.1000      300.0     0.0000 /
  237       326.98     608.6505     459.1498    13     0.1000      300.0     0.0000 /
  238       199.71     401.1468     351.1465    13     0.1000      300.0     0.0000 /
  239       157.28     331.6466     321.1466    14     0.1000      300.0     0.0000 /
  240        60.00     321.1466     316.1468    14     0.1000      300.0     0.0000 /
  241        42.43     270.1485     270.0861     3     0.0300      300.0     0.0000 /
  242       132.43     316.1468     314.1472    14     0.1000      300.0     0.0000 /
  243       529.71     534.1479     311.1472    13     0.1000      300.0     0.0000 /
  244        30.00     314.1472     311.1472    14     0.1000      300.0     0.0000 /
  245       162.43     311.1472     294.1476    14     0.1000      300.0     0.0000 /
  246      1099.71     791.1497     292.1472    13     0.1000      300.0     0.0000 /
  247       102.43     294.1476     292.1472    14     0.1000      300.0     0.0000 /
  248        30.00     292.1472     291.9597     8     0.0500      300.0     0.0000 /
  249        60.00     310.1472     291.7722    13     0.1000      300.0     0.0000 /
  250        30.00     291.9597     291.7722     8     0.0500      300.0     0.0000 /
  251      1536.40     895.1433     273.1488    13     0.1000      300.0     0.0000 /
  252       102.43     272.1489     270.1485    15     0.1000      300.0     0.0000 /
  253        30.00     273.1488     272.1489    15     0.1000      300.0     0.0000 /
  254       229.71     694.1516     608.6505    13     0.1000      300.0     0.0000 /
  255       302.13     538.1435     464.8946    13     0.1000      300.0     0.0000 /
  256       169.71     405.1473     348.1465    13     0.1000      300.0     0.0000 /
  257        30.00     322.6471     314.1472    13     0.1000      300.0     0.0000 /
  258        72.43     291.7722     289.1475    15     0.1000      300.0     0.0000 /
  259       349.71     580.1450     467.1446    13     0.1000      300.0     0.0000 /
  260       132.43     467.1446     464.8946    14     0.1000      300.0     0.0000 /
  261       180.00     476.1454     435.1450    13     0.1000      300.0     0.0000 /
  262       416.98     630.6515     459.1498    14     0.1000      300.0     0.0000 /
  263       679.71     895.1532     608.6505    13     0.1000      300.0     0.0000 /
  264       114.85     494.1444     470.1447    13     0.1000      300.0     0.0000 /
  265        42.43     468.6447     467.1446    14     0.1000      300.0     0.0000 /
  266        30.00     470.1447     468.6447    14     0.1000      300.0     0.0000 /
  267       259.71     456.3945     438.1450    14     0.1000      300.0     0.0000 /
  268       132.43     369.1465     316.1468    13     0.1000      300.0     0.0000 /
  269       204.85     315.1485     283.3983    13     0.1000      300.0     0.0000 /
  270       174.85     289.1475     283.3983    15     0.1000      300.0     0.0000 /
  271       247.28     282.0780     273.1488    15     0.1000      300.0     0.0000 /
  272        90.00     283.3983     282.0780    15     0.1000      300.0     0.0000 /
  273        72.43     459.1445     456.3945    14     0.1000      300.0     0.0000 /
  274       157.28     464.8946     459.1445    14     0.1000      300.0     0.0000 /
  275       464.56     767.1486     608.6505    13     0.1000      300.0     0.0000 /
  276        42.43     476.1443     459.1445    13     0.1000      300.0     0.0000 /
  277       120.00     327.1479     289.1475    13     0.1000      300.0     0.0000 /
  278       114.85     301.1482     282.0780    13     0.1000      300.0     0.0000 /
  279       114.85     475.1443     468.6447    13     0.1000      300.0     0.0000 /
  280       539.12     844.1439     539.1439    13     0.1000      300.0     0.0000 /
  281        72.43     576.1437     539.1439    13     0.1000      300.0     0.0000 /
  282       174.85     673.0183     630.6515    13     0.1000      300.0     0.0000 /
  283       212.13     690.1524     630.6515    14     0.1000      300.0     0.0000 /
  284       102.43    1008.1516     956.1517    13     0.1000      300.0     0.0000 /
  285       240.00    1094.1517     956.1517    13     0.1000      300.0     0.0000 /
  286       362.13     483.0946     470.1447    14     0.1000      300.0     0.0000 /
  287        42.43     483.8570     483.0946    13     0.1000      300.0     0.0000 /
  288       217.28     548.1450     456.3945    13     0.1000      300.0     0.0000 /
  289       282.43     405.1478     291.9597    13     0.1000      300.0     0.0000 /
  290       204.85     735.1524     690.1524    14     0.1000      300.0     0.0000 /
  291       504.85     956.1517     735.1524    13     0.1000      300.0     0.0000 /
  292        72.43     789.1447     769.1449    13     0.1000      300.0     0.0000 /
  293       169.71     821.1444     769.1449    13     0.1000      300.0     0.0000 /
  294      1111.25     681.1470     244.4928    13     0.1000      300.0     0.0000 /
  295       229.71     539.1439     484.6440    13     0.1000      300.0     0.0000 /
  296       132.43     484.6440     483.0946    14     0.1000      300.0     0.0000 /
  297       174.85     520.1444     475.1443    13     0.1000      300.0     0.0000 /
  298       127.28     759.9019     735.1524    14     0.1000      300.0     0.0000 /
  299       150.00     806.1514     759.9019    13     0.1000      300.0     0.0000 /
  300       102.43     769.1449     754.8953    13     0.1000      300.0     0.0000 /
  301       144.85     788.1448     754.8953    13     0.1000      300.0     0.0000 /
  302        42.43     498.1442     490.1443    13     0.1000      300.0     0.0000 /
  303       114.85     490.1443     484.6440    14     0.1000      300.0     0.0000 /
  304       217.28     743.1533     690.1524    13     0.1000      300.0     0.0000 /
  305        30.00     761.1520     759.9019    14     0.1000      300.0     0.0000 /
  306       722.13     561.1416     416.1447    14     0.1000      300.0     0.0000 /
  307        42.43     754.1532     743.1533    13     0.1000      300.0     0.0000 /
  308        42.43     767.0272     761.1520    13     0.1000      300.0     0.0000 /
  309       878.53     893.1422     496.1441    13     0.1000      300.0     0.0000 /
  310       144.85     496.1441     490.1443    14     0.1000      300.0     0.0000 /
  311        72.43     566.6417     561.1416    13     0.1000      300.0     0.0000 /
  312       114.85     767.1519     761.1520    14     0.1000      300.0     0.0000 /
  313       187.28     797.1458     759.1449    13     0.1000      300.0     0.0000 /
  314        30.00     764.1450     759.1449    13     0.1000      300.0     0.0000 /
  315        42.43     497.1441     496.1441    14     0.1000      300.0     0.0000 /
  316        42.43     781.1518     767.1519    13     0.1000      300.0     0.0000 /
  317       891.84     512.5261     321.1466    14     0.1000      300.0     0.0000 /
  318       120.00     791.1533     743.1533    13     0.1000      300.0     0.0000 /
  319        72.43     502.1444     497.1441    13     0.1000      300.0     0.0000 /
  320       102.43     543.1516     512.5261    13     0.1000      300.0     0.0000 /
  321       439.71     584.1429     475.1443    13     0.1000      300.0     0.0000 /
  322       162.43     566.1411     561.1416    14     0.1000      300.0     0.0000 /
  323       120.00     815.1519     767.1519    13     0.1000      300.0     0.0000 /
  324        42.43     568.6413     566.1411    13     0.1000      300.0     0.0000 /
  325       943.68     448.1445     270.1485    14     0.1000      300.0     0.0000 /
  326        30.00     453.1446     448.1445    13     0.1000      300.0     0.0000 /
  327       187.28     824.1511     781.1518    13     0.1000      300.0     0.0000 /
  328       204.85     927.1511     824.1511    13     0.1000      300.0     0.0000 /
  329       212.13     512.1439     497.1441    14     0.1000      300.0     0.0000 /
  330        30.00     515.1439     512.1439    13     0.1000      300.0     0.0000 /
  331       102.43     531.1443     502.1444    13     0.1000      300.0     0.0000 /
  332        42.43     458.1444     448.1445    14     0.1000      300.0     0.0000 /
  333        42.43     838.1510     824.1511    13     0.1000      300.0     0.0000 /
  334        30.00     464.1444     458.1444    13     0.1000      300.0     0.0000 /
  335       386.98     754.8953     681.1437    13     0.1000      300.0     0.0000 /
  336       356.98     759.1449     681.1437    13     0.1000      300.0     0.0000 /
  337       678.82     784.1475     537.1443    13     0.1000      300.0     0.0000 /
  338       581.54     756.1422     535.1442    13     0.1000      300.0     0.0000 /
  339        30.00     537.1443     535.1442    14     0.1000      300.0     0.0000 /
  340        42.43     539.6445     527.1443    13     0.1000      300.0     0.0000 /
  341        60.00     535.1442     527.1443    14     0.1000      300.0     0.0000 /
  342       526.69     731.1434     525.1442    13     0.1000      300.0     0.0000 /
  343        30.00     527.1443     525.1442    14     0.1000      300.0     0.0000 /
  344       174.85     525.1442     512.1439    14     0.1000      300.0     0.0000 /
  345       144.85     624.1425     584.1429    13     0.1000      300.0     0.0000 /
  346       217.28     538.5257     512.5261    14     0.1000      300.0     0.0000 /
  347       222.43     616.1503     538.5257    13     0.1000      300.0     0.0000 /
  348       951.84     961.1395     654.1433    13     0.1000      300.0     0.0000 /
  349       132.43     681.1437     654.1433    13     0.1000      300.0     0.0000 /
  350       367.28     996.1509     838.1510    13     0.1000      300.0     0.0000 /
  351        72.43     543.1508     538.5257    14     0.1000      300.0     0.0000 /
  352       799.71     400.1497     272.1489    14     0.1000      300.0     0.0000 /
  353       259.71     548.6440     458.1444    13     0.1000      300.0     0.0000 /
  354        30.00     565.1440     548.6440    13     0.1000      300.0     0.0000 /
  355       234.85     674.1439     565.1440    13     0.1000      300.0     0.0000 /
  356       144.85     889.1508     838.1510    13     0.1000      300.0     0.0000 /
  357       114.85     654.1433     637.1428    13     0.1000      300.0     0.0000 /
  358       242.13     697.1432     628.1428    13     0.1000      300.0     0.0000 /
  359        60.00     637.1428     628.1428    13     0.1000      300.0     0.0000 /
  360        30.00     628.1428     623.1427    13     0.1000      300.0     0.0000 /
  361       794.56     841.1435     611.1427    13     0.1000      300.0     0.0000 /
  362        60.00     623.1427     611.1427    13     0.1000      300.0     0.0000 /
  363        60.00     611.1427     599.1427    13     0.1000      300.0     0.0000 /
  364       187.28     557.1439     537.1443    14     0.1000      300.0     0.0000 /
  365       294.85     599.1427     557.1439    14     0.1000      300.0     0.0000 /
  366       132.43     515.1445     464.1444    13     0.1000      300.0     0.0000 /
  367       102.43     909.1505     889.1508    13     0.1000      300.0     0.0000 /
  368       379.71     757.1412     668.1420    13     0.1000      300.0     0.0000 /
  369       192.43     664.1422     637.1428    13     0.1000      300.0     0.0000 /
  370       381.84     755.1417     664.1422    13     0.1000      300.0     0.0000 /
  371        30.00     668.1420     664.1422    13     0.1000      300.0     0.0000 /
  372        72.43     550.1508     543.1508    13     0.1000      300.0     0.0000 /
  373       384.85    1101.1498     909.1505    13     0.1000      300.0     0.0000 /
  374        72.43     736.1415     712.6414    13     0.1000      300.0     0.0000 /
  375        42.43     675.1420     668.1420    13     0.1000      300.0     0.0000 /
  376       180.00     712.6414     675.1420    13     0.1000      300.0     0.0000 /
  377        84.85     618.1429     599.1427    13     0.1000      300.0     0.0000 /
  378       294.85     580.1407     566.1411    14     0.1000      300.0     0.0000 /
  379        72.43     568.1509     550.1508    13     0.1000      300.0     0.0000 /
  380       127.28     426.1504     400.1497    13     0.1000      300.0     0.0000 /
  381       114.85     577.1443     557.1439    13     0.1000      300.0     0.0000 /
  382       157.28     600.1504     543.1508    13     0.1000      300.0     0.0000 /
  383       464.56     951.1523     781.1518    13     0.1000      300.0     0.0000 /
  384       234.85     798.1418     712.6414    13     0.1000      300.0     0.0000 /
  385        30.00     585.1445     577.1443    13     0.1000      300.0     0.0000 /
  386       379.71     657.1413     584.1429    13     0.1000      300.0     0.0000 /
  387        72.43     593.1406     580.1407    13     0.1000      300.0     0.0000 /
  388       174.85     413.0242     400.1497    14     0.1000      300.0     0.0000 /
  389       157.28     960.1499     909.1505    13     0.1000      300.0     0.0000 /
  390        72.43     999.1500     968.1500    13     0.1000      300.0     0.0000 /
  391        30.00     968.1500     960.1499    13     0.1000      300.0     0.0000 /
  392       272.13     691.1431     623.1427    13     0.1000      300.0     0.0000 /
  393       494.56     580.1461     502.1444    13     0.1000      300.0     0.0000 /
  394        30.00     589.6462     580.1461    13     0.1000      300.0     0.0000 /
  395        60.00     674.1411     657.1413    13     0.1000      300.0     0.0000 /
  396       217.28     637.1439     577.1443    13     0.1000      300.0     0.0000 /
  397        90.00     420.1495     413.0242    14     0.1000      300.0     0.0000 /
  398       114.85    1032.1494     968.1500    13     0.1000      300.0     0.0000 /
  399      1161.84     767.1434     294.1476    13     0.1000      300.0     0.0000 /
  400       199.71     437.1486     413.0242    13     0.1000      300.0     0.0000 /
  401       591.84     734.6464     565.1440    13     0.1000      300.0     0.0000 /
  402        72.43    1047.1497    1032.1494    13     0.1000      300.0     0.0000 /
  403       157.28     715.1407     674.1411    13     0.1000      300.0     0.0000 /
  404       157.28     760.1461     734.6464    13     0.1000      300.0     0.0000 /
  405       337.28    1024.1501     889.1508    13     0.1000      300.0     0.0000 /
  406       132.43     712.1409     674.1411    13     0.1000      300.0     0.0000 /
  407       254.56     737.1414     657.1413    13     0.1000      300.0     0.0000 /
  408       264.85     605.1402     580.1407    14     0.1000      300.0     0.0000 /
  409        84.85     744.8966     734.6464    13     0.1000      300.0     0.0000 /
  410        42.43     749.1465     744.8966    13     0.1000      300.0     0.0000 /
  411       169.71    1065.1487    1032.1494    13     0.1000      300.0     0.0000 /
  412       397.28     818.1426     675.1420    13     0.1000      300.0     0.0000 /
  413        72.43     770.1466     744.8966    13     0.1000      300.0     0.0000 /
  414        72.43     762.1463     749.1465    13     0.1000      300.0     0.0000 /
  415        30.00     770.6462     762.1463    13     0.1000      300.0     0.0000 /
  416       157.28     639.1408     605.1402    13     0.1000      300.0     0.0000 /
  417       384.85     583.1520     550.1508    13     0.1000      300.0     0.0000 /
  418       180.00     435.1489     420.1495    14     0.1000      300.0     0.0000 /
  419       296.98     458.1487     420.1495    13     0.1000      300.0     0.0000 /
  420       454.26     747.1472     580.1461    13     0.1000      300.0     0.0000 /
  421       259.71     683.1516     583.1520    13     0.1000      300.0     0.0000 /
  422       272.13     482.1488     435.1489    13     0.1000      300.0     0.0000 /
  423       457.28    1125.1499     960.1499    13     0.1000      300.0     0.0000 /
  424       474.85     635.1483     580.1461    13     0.1000      300.0     0.0000 /
  425       399.41     944.6453     762.1463    13     0.1000      300.0     0.0000 /
  426       294.85     623.1517     583.1520    13     0.1000      300.0     0.0000 /
  427       282.43     448.1490     435.1489    14     0.1000      300.0     0.0000 /
  428        30.00     450.1490     448.1490    14     0.1000      300.0     0.0000 /
  429        30.00     456.1490     450.1490    13     0.1000      300.0     0.0000 /
  430       474.85     659.1404     605.1402    13     0.1000      300.0     0.0000 /
  431        30.00     662.1404     659.1404    13     0.1000      300.0     0.0000 /
  432        30.00     514.1484     506.1483    13     0.1000      300.0     0.0000 /
  433       247.28     506.1483     448.1490    13     0.1000      300.0     0.0000 /
  434       542.13     821.1419     712.1409    13     0.1000      300.0     0.0000 /
  435       169.71     683.1512     623.1517    13     0.1000      300.0     0.0000 /
  436       102.43     455.1495     450.1490    14     0.1000      300.0     0.0000 /
  437        72.43     664.1407     659.1404    13     0.1000      300.0     0.0000 /
  438       210.00     680.6490     635.1483    13     0.1000      300.0     0.0000 /
  439       132.43     685.1409     664.1407    13     0.1000      300.0     0.0000 /
  440       204.85     642.1519     623.1517    13     0.1000      300.0     0.0000 /
  441       234.85     567.1484     455.1495    13     0.1000      300.0     0.0000 /
  442       459.41     765.1479     635.1483    13     0.1000      300.0     0.0000 /
  443        60.00     785.1478     765.1479    13     0.1000      300.0     0.0000 /
  444       169.71     769.1514     707.1512    13     0.1000      300.0     0.0000 /
  445       192.43     772.1509     707.1512    13     0.1000      300.0     0.0000 /
  446        72.43     662.1517     642.1519    13     0.1000      300.0     0.0000 /
  447       114.85     714.1493     680.6490    13     0.1000      300.0     0.0000 /
  448       120.00     670.1407     664.1407    13     0.1000      300.0     0.0000 /
  449       411.84    1118.1443     944.6453    13     0.1000      300.0     0.0000 /
  450       697.28     889.1382     712.1409    13     0.1000      300.0     0.0000 /
  451       187.28     650.9016     642.1519    13     0.1000      300.0     0.0000 /
  452       127.28     707.1512     655.1512    13     0.1000      300.0     0.0000 /
  453        30.00     669.1514     655.1512    13     0.1000      300.0     0.0000 /
  454       626.98     655.1512     506.1483    13     0.1000      300.0     0.0000 /
  455       234.85     462.1505     455.1495    14     0.1000      300.0     0.0000 /
  456        30.00     471.1505     462.1505    13     0.1000      300.0     0.0000 /
  457        60.00     490.1507     471.1505    13     0.1000      300.0     0.0000 /
  458       150.00     571.1507     490.1507    13     0.1000      300.0     0.0000 /
  459       212.13     843.1489     765.1479    13     0.1000      300.0     0.0000 /
  460       114.85     678.1403     670.1407    13     0.1000      300.0     0.0000 /
  461        30.00     681.1403     678.1403    13     0.1000      300.0     0.0000 /
  462        30.00     466.1504     462.1505    14     0.1000      300.0     0.0000 /
  463       427.28    1139.1470     944.6453    13     0.1000      300.0     0.0000 /
  464       127.28    1180.1445    1118.1443    13     0.1000      300.0     0.0000 /
  465       174.85     739.1412     670.1407    13     0.1000      300.0     0.0000 /
  466        84.85     686.8903     678.1403    13     0.1000      300.0     0.0000 /
  467       157.28     529.1503     471.1505    13     0.1000      300.0     0.0000 /
  468       559.71     851.1497     490.1507    13     0.1000      300.0     0.0000 /
  469       180.00    1198.1434    1118.1443    13     0.1000      300.0     0.0000 /
  470       324.85     768.1481     680.6490    13     0.1000      300.0     0.0000 /
  471       157.28     716.1395     686.8903    13     0.1000      300.0     0.0000 /
  472       254.56     751.1517     650.9016    13     0.1000      300.0     0.0000 /
  473       199.71     545.1500     466.1504    13     0.1000      300.0     0.0000 /
  474       144.85     699.1404     686.8903    13     0.1000      300.0     0.0000 /
  475       399.41     827.1505     669.1514    13     0.1000      300.0     0.0000 /
  476       204.85     472.1505     466.1504    14     0.1000      300.0     0.0000 /
  477        60.00     481.1505     472.1505    13     0.1000      300.0     0.0000 /
  478      1049.12    1224.1447     749.1465    13     0.1000      300.0     0.0000 /
  479      1550.95    1199.1455     548.6440    13     0.1000      300.0     0.0000 /
  480       114.85     710.1399     699.1404    13     0.1000      300.0     0.0000 /
  481       784.26     869.6485     669.1514    13     0.1000      300.0     0.0000 /
  482       102.43     474.1509     472.1505    14     0.1000      300.0     0.0000 /
  483      1633.68    1169.1406     464.1444    13     0.1000      300.0     0.0000 /
  484       187.28     777.1404     699.1404    13     0.1000      300.0     0.0000 /
  485       174.85     531.1512     474.1509    13     0.1000      300.0     0.0000 /
  486       102.43     479.1514     474.1509    14     0.1000      300.0     0.0000 /
  487       499.71     694.1511     650.9016    13     0.1000      300.0     0.0000 /
  488        30.00     480.1513     479.1514    14     0.1000      300.0     0.0000 /
  489       332.13     820.1387     710.1399    13     0.1000      300.0     0.0000 /
  490        60.00     842.1389     820.1387    13     0.1000      300.0     0.0000 /
  491        30.00     701.1509     694.1511    13     0.1000      300.0     0.0000 /
  492       264.85     567.1501     480.1513    13     0.1000      300.0     0.0000 /
  493        42.43     838.1385     820.1387    13     0.1000      300.0     0.0000 /
  494       217.28     772.1405     710.1399    13     0.1000      300.0     0.0000 /
  495        72.43     727.1513     701.1509    13     0.1000      300.0     0.0000 /
  496        30.00     713.1509     701.1509    13     0.1000      300.0     0.0000 /
  497       264.85     811.1498     694.1511    13     0.1000      300.0     0.0000 /
  498       619.71     745.1538     479.1514    13     0.1000      300.0     0.0000 /
  499       144.85     816.1534     745.1538    13     0.1000      300.0     0.0000 /
  500       132.43     489.5893     480.1513    14     0.1000      300.0     0.0000 /
  501        30.00     490.1518     489.5893    13     0.1000      300.0     0.0000 /
  502       362.13     906.1541     745.1538    13     0.1000      300.0     0.0000 /
  503       132.43     754.1515     713.1509    13     0.1000      300.0     0.0000 /
  504        60.00     490.4017     489.5893    14     0.1000      300.0     0.0000 /
  505       402.43    1003.1543     775.1556    13     0.1000      300.0     0.0000 /
  506        30.00     491.1517     490.4017    14     0.1000      300.0     0.0000 /
  507       794.56     775.1556     490.4017    13     0.1000      300.0     0.0000 /
  508       217.28     799.1500     713.1509    13     0.1000      300.0     0.0000 /
  509        72.43     502.1519     491.1517    13     0.1000      300.0     0.0000 /
  510       644.56    1090.1577     775.1556    13     0.1000      300.0     0.0000 /
  511       192.43     497.1516     491.1517    14     0.1000      300.0     0.0000 /
  512       174.85     626.1521     569.1519    13     0.1000      300.0     0.0000 /
  513       247.28     569.1519     497.1516    13     0.1000      300.0     0.0000 /
  514       144.85     607.1525     569.1519    13     0.1000      300.0     0.0000 /
  515       210.00     649.1525     607.1525    13     0.1000      300.0     0.0000 /
  516       150.00     511.1511     497.1516    14     0.1000      300.0     0.0000 /
  517       360.00     663.1503     511.1511    13     0.1000      300.0     0.0000 /
  518        60.00     519.1509     511.1511    14     0.1000      300.0     0.0000 /
  519        72.43     532.1507     519.1509    13     0.1000      300.0     0.0000 /
  520       102.43     529.1508     519.1509    14     0.1000      300.0     0.0000 /
  521       254.56     634.6525     607.1525    13     0.1000      300.0     0.0000 /
  522       192.43     663.1527     634.6525    13     0.1000      300.0     0.0000 /
  523        30.00     535.1508     529.1508    14     0.1000      300.0     0.0000 /
  524       582.43     746.1512     529.1508    13     0.1000      300.0     0.0000 /
  525        72.43     545.1507     535.1508    13     0.1000      300.0     0.0000 /
  526        60.00     577.1505     545.1507    13     0.1000      300.0     0.0000 /
  527        60.00     700.6530     687.1530    13     0.1000      300.0     0.0000 /
  528       114.85     676.1525     657.1524    13     0.1000      300.0     0.0000 /
  529       210.00     687.1530     657.1524    13     0.1000      300.0     0.0000 /
  530       247.28     657.1524     634.6525    13     0.1000      300.0     0.0000 /
  531       284.56    1147.1494     971.1500    13     0.1000      300.0     0.0000 /
  532       307.28    1161.1499     971.1500    13     0.1000      300.0     0.0000 /
  533        42.43     694.1530     687.1530    13     0.1000      300.0     0.0000 /
  534       517.28     832.1527     694.1530    13     0.1000      300.0     0.0000 /
  535       157.28     570.1501     535.1508    13     0.1000      300.0     0.0000 /
  536        60.00     551.1507     545.1507    13     0.1000      300.0     0.0000 /
  537        30.00     698.6530     694.1530    13     0.1000      300.0     0.0000 /
  538       157.28     971.1500     891.1499    13     0.1000      300.0     0.0000 /
  539       180.00     989.1491     891.1499    13     0.1000      300.0     0.0000 /
  540       127.28     648.1506     570.1501    13     0.1000      300.0     0.0000 /
  541        90.00     606.1501     570.1501    13     0.1000      300.0     0.0000 /
  542       544.26    1109.1488     816.1497    13     0.1000      300.0     0.0000 /
  543       829.71     774.1507     551.1507    13     0.1000      300.0     0.0000 /
  544        30.00     776.1508     774.1507    13     0.1000      300.0     0.0000 /
  545       180.00     822.1516     776.1508    13     0.1000      300.0     0.0000 /
  546       659.12    1097.6506     792.4004    13     0.1000      300.0     0.0000 /
  547       132.43     816.1497     792.4004    13     0.1000      300.0     0.0000 /
  548       157.28     891.1499     816.1497    13     0.1000      300.0     0.0000 /
  549       174.85     573.1507     551.1507    13     0.1000      300.0     0.0000 /
  550        90.00     605.1511     573.1507    13     0.1000      300.0     0.0000 /
  551       144.85     792.4004     776.1508    13     0.1000      300.0     0.0000 /
  552        30.00     575.1508     573.1507    13     0.1000      300.0     0.0000 /
  553       132.43     780.5880     774.1507    13     0.1000      300.0     0.0000 /
  554        90.00     784.1501     780.5880    13     0.1000      300.0     0.0000 /
  555       102.43     605.1505     575.1508    13     0.1000      300.0     0.0000 /
  556       277.28     668.1503     575.1508    13     0.1000      300.0     0.0000 /
  557        30.00     780.6191     780.5880     1     0.0300      300.0     0.0000 /
  558        90.00     783.1500     780.6191    13     0.1000      300.0     0.0000 /
  559       506.98     953.1484     784.1501    13     0.1000      300.0     0.0000 /
  560       132.43     638.1512     605.1505    13     0.1000      300.0     0.0000 /
  561        60.00     617.1505     605.1505    13     0.1000      300.0     0.0000 /
  562       217.28     881.1501     784.1501    13     0.1000      300.0     0.0000 /
  563        72.43     972.1488     953.1484    13     0.1000      300.0     0.0000 /
  564       114.85     999.1481     953.1484    13     0.1000      300.0     0.0000 /
  565       102.43     643.1505     617.1505    13     0.1000      300.0     0.0000 /
  566       157.28     722.1502     643.1505    13     0.1000      300.0     0.0000 /
  567       386.98    1001.1502     780.6191    13     0.1000      300.0     0.0000 /
  568       277.28     729.1491     617.1505    13     0.1000      300.0     0.0000 /
  569       402.43    1024.1515     780.6191    13     0.1000      300.0     0.0000 /
  570       362.13     877.1493     643.1505    13     0.1000      300.0     0.0000 /
